=> Market1501 loaded
Dataset statistics:
  ----------------------------------------
  subset   | # ids | # images | # cameras
  ----------------------------------------
  train    |   751 |    12936 |         6
  query    |   750 |     3368 |         6
  gallery  |   751 |    15913 |         6
  ----------------------------------------
This dataset has been downloaded.
=> DukeMTMC-reID loaded
Dataset statistics:
  ----------------------------------------
  subset   | # ids | # images | # cameras
  ----------------------------------------
  train    |   702 |    16522 |         8
  query    |   702 |     2228 |         8
  gallery  |  1110 |    17661 |         8
  ----------------------------------------
=> Loaded checkpoint 'logs/unet_dukemtmc_market1501_resnet50_0.001_0.5_B_2021-04-08T03:54/checkpoint_79.pth.tar'
==============================
['/data2/syupoh/dataset/market1501/bounding_box_test/1164_c1s5_028586_02.jpg']
tensor([[[[-1.3815, -1.2788, -1.0562,  ...,  0.1939,  0.1597,  0.1426],
          [-1.3987, -1.2959, -1.0733,  ...,  0.1768,  0.1426,  0.1254],
          [-1.4158, -1.3130, -1.0904,  ...,  0.1254,  0.0912,  0.0912],
          ...,
          [ 0.1083,  0.1083,  0.1083,  ..., -0.2513, -0.2342, -0.2342],
          [ 0.1254,  0.1254,  0.1426,  ..., -0.1657, -0.1486, -0.1486],
          [ 0.1426,  0.1426,  0.1426,  ..., -0.1143, -0.0972, -0.0972]],

         [[-1.3179, -1.2129, -0.9853,  ...,  0.2927,  0.2577,  0.2402],
          [-1.3354, -1.2304, -1.0028,  ...,  0.2752,  0.2402,  0.2227],
          [-1.3529, -1.2479, -1.0203,  ...,  0.2227,  0.1877,  0.1877],
          ...,
          [ 0.0301,  0.0301,  0.0301,  ..., -0.2325, -0.2150, -0.2150],
          [ 0.0476,  0.0476,  0.0651,  ..., -0.1450, -0.1275, -0.1275],
          [ 0.0651,  0.0651,  0.0651,  ..., -0.0924, -0.0749, -0.0749]],

         [[-1.0724, -0.9678, -0.7413,  ...,  0.5311,  0.4962,  0.4788],
          [-1.0898, -0.9853, -0.7587,  ...,  0.5136,  0.4788,  0.4614],
          [-1.1073, -1.0027, -0.7761,  ...,  0.4614,  0.4265,  0.4265],
          ...,
          [ 0.2522,  0.2522,  0.2522,  ..., -0.0092,  0.0082,  0.0082],
          [ 0.2696,  0.2696,  0.2871,  ...,  0.0779,  0.0953,  0.0953],
          [ 0.2871,  0.2871,  0.2871,  ...,  0.1302,  0.1476,  0.1476]]]])
> /data2/syupoh/python/_mine/MEB-Net_CAM/main/mine_recon.py(212)main_worker()
-> break
(Pdb) *** NameError: name 'img' is not defined
(Pdb) torch.Size([1, 3, 256, 128])
(Pdb) tensor([[[-1.3815, -1.2788, -1.0562,  ...,  0.1939,  0.1597,  0.1426],
         [-1.3987, -1.2959, -1.0733,  ...,  0.1768,  0.1426,  0.1254],
         [-1.4158, -1.3130, -1.0904,  ...,  0.1254,  0.0912,  0.0912],
         ...,
         [ 0.1083,  0.1083,  0.1083,  ..., -0.2513, -0.2342, -0.2342],
         [ 0.1254,  0.1254,  0.1426,  ..., -0.1657, -0.1486, -0.1486],
         [ 0.1426,  0.1426,  0.1426,  ..., -0.1143, -0.0972, -0.0972]],

        [[-1.3179, -1.2129, -0.9853,  ...,  0.2927,  0.2577,  0.2402],
         [-1.3354, -1.2304, -1.0028,  ...,  0.2752,  0.2402,  0.2227],
         [-1.3529, -1.2479, -1.0203,  ...,  0.2227,  0.1877,  0.1877],
         ...,
         [ 0.0301,  0.0301,  0.0301,  ..., -0.2325, -0.2150, -0.2150],
         [ 0.0476,  0.0476,  0.0651,  ..., -0.1450, -0.1275, -0.1275],
         [ 0.0651,  0.0651,  0.0651,  ..., -0.0924, -0.0749, -0.0749]],

        [[-1.0724, -0.9678, -0.7413,  ...,  0.5311,  0.4962,  0.4788],
         [-1.0898, -0.9853, -0.7587,  ...,  0.5136,  0.4788,  0.4614],
         [-1.1073, -1.0027, -0.7761,  ...,  0.4614,  0.4265,  0.4265],
         ...,
         [ 0.2522,  0.2522,  0.2522,  ..., -0.0092,  0.0082,  0.0082],
         [ 0.2696,  0.2696,  0.2871,  ...,  0.0779,  0.0953,  0.0953],
         [ 0.2871,  0.2871,  0.2871,  ...,  0.1302,  0.1476,  0.1476]]])
(Pdb) tensor(2.6400)
(Pdb) tensor([[[[-1.3815, -1.2788, -1.0562,  ...,  0.1939,  0.1597,  0.1426],
          [-1.3987, -1.2959, -1.0733,  ...,  0.1768,  0.1426,  0.1254],
          [-1.4158, -1.3130, -1.0904,  ...,  0.1254,  0.0912,  0.0912],
          ...,
          [ 0.1083,  0.1083,  0.1083,  ..., -0.2513, -0.2342, -0.2342],
          [ 0.1254,  0.1254,  0.1426,  ..., -0.1657, -0.1486, -0.1486],
          [ 0.1426,  0.1426,  0.1426,  ..., -0.1143, -0.0972, -0.0972]],

         [[-1.3179, -1.2129, -0.9853,  ...,  0.2927,  0.2577,  0.2402],
          [-1.3354, -1.2304, -1.0028,  ...,  0.2752,  0.2402,  0.2227],
          [-1.3529, -1.2479, -1.0203,  ...,  0.2227,  0.1877,  0.1877],
          ...,
          [ 0.0301,  0.0301,  0.0301,  ..., -0.2325, -0.2150, -0.2150],
          [ 0.0476,  0.0476,  0.0651,  ..., -0.1450, -0.1275, -0.1275],
          [ 0.0651,  0.0651,  0.0651,  ..., -0.0924, -0.0749, -0.0749]],

         [[-1.0724, -0.9678, -0.7413,  ...,  0.5311,  0.4962,  0.4788],
          [-1.0898, -0.9853, -0.7587,  ...,  0.5136,  0.4788,  0.4614],
          [-1.1073, -1.0027, -0.7761,  ...,  0.4614,  0.4265,  0.4265],
          ...,
          [ 0.2522,  0.2522,  0.2522,  ..., -0.0092,  0.0082,  0.0082],
          [ 0.2696,  0.2696,  0.2871,  ...,  0.0779,  0.0953,  0.0953],
          [ 0.2871,  0.2871,  0.2871,  ...,  0.1302,  0.1476,  0.1476]]]],
       device='cuda:0')
(Pdb) (Pdb) 